10, 10
0, 1, 0, 0
1, 1, 32, 0
2, 1, 64, 0
3, 1, 96, 0
4, 0, 128, 0
5, 1, 160, 0
6, 1, 192, 0
7, 1, 224, 0
8, 1, 256, 0
9, 1, 288, 0
10, 1, 0, 32
11, 1, 32, 32
12, 1, 64, 32
13, 1, 96, 32
14, 1, 128, 32
15, 1, 160, 32
16, 1, 192, 32
17, 1, 224, 32
18, 1, 256, 32
19, 1, 288, 32
20, 1, 0, 64
21, 1, 32, 64
22, 1, 64, 64
23, 1, 96, 64
24, 0, 128, 64
25, 1, 160, 64
26, 1, 192, 64
27, 1, 224, 64
28, 1, 256, 64
29, 1, 288, 64
30, 1, 0, 96
31, 1, 32, 96
32, 1, 64, 96
33, 0, 96, 96
34, 1, 128, 96
35, 1, 160, 96
36, 1, 192, 96
37, 1, 224, 96
38, 1, 256, 96
39, 1, 288, 96
40, 1, 0, 128
41, 1, 32, 128
42, 1, 64, 128
43, 0, 96, 128
44, 1, 128, 128
45, 1, 160, 128
46, 1, 192, 128
47, 1, 224, 128
48, 1, 256, 128
49, 1, 288, 128
50, 1, 0, 160
51, 1, 32, 160
52, 1, 64, 160
53, 1, 96, 160
54, 0, 128, 160
55, 0, 160, 160
56, 1, 192, 160
57, 1, 224, 160
58, 1, 256, 160
59, 1, 288, 160
60, 1, 0, 192
61, 1, 32, 192
62, 1, 64, 192
63, 1, 96, 192
64, 0, 128, 192
65, 0, 160, 192
66, 0, 192, 192
67, 1, 224, 192
68, 1, 256, 192
69, 1, 288, 192
70, 1, 0, 224
71, 1, 32, 224
72, 1, 64, 224
73, 1, 96, 224
74, 1, 128, 224
75, 1, 160, 224
76, 0, 192, 224
77, 1, 224, 224
78, 1, 256, 224
79, 1, 288, 224
80, 1, 0, 256
81, 1, 32, 256
82, 1, 64, 256
83, 1, 96, 256
84, 1, 128, 256
85, 1, 160, 256
86, 0, 192, 256
87, 1, 224, 256
88, 1, 256, 256
89, 1, 288, 256
90, 1, 0, 288
91, 1, 32, 288
92, 1, 64, 288
93, 1, 96, 288
94, 1, 128, 288
95, 1, 160, 288
96, 0, 192, 288
97, 1, 224, 288
98, 1, 256, 288
99, 1, 288, 288
